D: [  1   6  11  16  21  26  31  36  41  46  51  56  61  66  71  76  81  86
  91  96 101 106 111 116 121 126 131 136 141 146 151 156 161 166 171 176
 181 186 191 196 201 206 211 216 221 226 231 236 241 246 251 256 261 266
 271 276 281 286 291 296 301 306 311 316 321 326 331 336 341 346 351 356
 361 366 371 376 381 386 391 396 401 406 411 416 421 426 431 436 441 446
 451 456 461 466 471 476 481 486 491 496 501 506 511 516 521 526 531 536
 541 546 551 556 561 566 571 576 581 586 591 596 601 606 611 616 621 626
 631 636 641 646 651 656 661 666 671 676 681 686 691 696 701 706 711 716
 721 726 731 736 741 746 751 756 761 766 771 776 781 786 791 796]
N: [  1   2   3   4   5   6   7   8   9  10  11  12  13  14  15  16  17  18
  19  20  21  22  23  24  25  26  27  28  29  30  31  32  33  34  35  36
  37  38  39  40  41  42  43  44  45  46  47  48  49  50  51  52  53  54
  55  56  57  58  59  60  61  62  63  64  65  66  67  68  69  70  71  72
  73  74  75  76  77  78  79  80  81  82  83  84  85  86  87  88  89  90
  91  92  93  94  95  96  97  98  99 100 101 102 103 104 105 106 107 108
 109 110 111 112 113 114 115 116 117 118 119 120 121 122 123 124 125 126
 127 128 129 130 131 132 133 134 135 136 137 138 139 140 141 142 143 144
 145 146 147 148 149 150 151 152 153 154 155 156 157 158 159]
p :0.17
method: OPR_4